SIZES
  narena                14680064
  nbuffer               434080
  nplugin               0
  maxuse_stack          9352
  maxuse_arena          34592
  maxuse_con            4
  maxuse_efc            40
  solver_nisland        1
  ncon                  4
  ne                    0
  nf                    12
  nl                    4
  nefc                  40
  nJ                    720
  nisland               0
  threadpool            0

SOLVER STAT
  solver_nisland = 1
  solver_fwdinv =   0         0       
  ISLAND 0
    solver_niter = 7
    solver_nnz = 324
      0:  improvement =  4e+04       gradient =  51          lineslope =  5.8e-16 
          nactive = 28   nchange = 32   neval = 3   nupdate = 44
      1:  improvement =  4.6e+03     gradient =  36          lineslope =  0       
          nactive = 40   nchange = 16   neval = 5   nupdate = 28
      2:  improvement =  8.1e+02     gradient =  1.8         lineslope =  7.7e-11 
          nactive = 40   nchange = 2   neval = 4   nupdate = 24
      3:  improvement =  17          gradient =  1.2         lineslope =  9.4e-13 
          nactive = 40   nchange = 0   neval = 5   nupdate = 24
      4:  improvement =  1.4         gradient =  0.04        lineslope =  2.1e-11 
          nactive = 40   nchange = 0   neval = 4   nupdate = 24
      5:  improvement =  0.0042      gradient =  0.00019     lineslope =  3e-11   
          nactive = 40   nchange = 0   neval = 3   nupdate = 24
      6:  improvement =  3.7e-08     gradient =  8.9e-10     lineslope =  2.5e-16 
          nactive = 40   nchange = 0   neval = 3   nupdate = 24

ENERGY =   0         0       

TIME =  0       

QPOS
   0       
   0       
   0.45    
   1       
   0       
   0       
   0       
   0       
   0       
   0       
   0       
   0       
   0       
   0       
   0       
   0       
   0       
   0       
   0       

QVEL
   0       
   0       
   0       
   0       
   0       
   0       
   0       
   0       
   0       
   0       
   0       
   0       
   0       
   0       
   0       
   0       
   0       
   0       

QACC_WARMSTART
   2.5     
  -0.00021 
   22      
  -0.056   
   51      
   0.0019  
   34      
   9.7e+02 
  -2.1e+03 
  -34      
   9.7e+02 
  -2.1e+03 
   26      
   8.8e+02 
  -2.1e+03 
  -26      
   8.8e+02 
  -2.1e+03 

CTRL
   0       
   0       
   0       
   0       
   0       
   0       
   0       
   0       
   0       
   0       
   0       
   0       

QFRC_APPLIED
   0       
   0       
   0       
   0       
   0       
   0       
   0       
   0       
   0       
   0       
   0       
   0       
   0       
   0       
   0       
   0       
   0       
   0       

XFRC_APPLIED
   0         0         0         0         0         0       
   0         0         0         0         0         0       
   0         0         0         0         0         0       
   0         0         0         0         0         0       
   0         0         0         0         0         0       
   0         0         0         0         0         0       
   0         0         0         0         0         0       
   0         0         0         0         0         0       
   0         0         0         0         0         0       
   0         0         0         0         0         0       
   0         0         0         0         0         0       
   0         0         0         0         0         0       
   0         0         0         0         0         0       
   0         0         0         0         0         0       
   0         0         0         0         0         0       
   0         0         0         0         0         0       
   0         0         0         0         0         0       
   0         0         0         0         0         0       

QACC
   2.5     
  -0.00021 
   22      
  -0.056   
   51      
   0.0019  
   34      
   9.7e+02 
  -2.1e+03 
  -34      
   9.7e+02 
  -2.1e+03 
   26      
   8.8e+02 
  -2.1e+03 
  -26      
   8.8e+02 
  -2.1e+03 

SENSOR
   0       
   0       
   0       
   0       
   0       
   0       
   0       
   0       
   0       
   0       
   0       
   0       
   0       
   0       
   0       
   0       
   0       
   0       
   0       
   0       
   0       
   0       
   0       
   0       
   0       
   0       
   0       
   0       
   0       
   0       
   0       
   0       
   0       
   0       
   0       
   0       
   1       
   0       
   0       
   0       
   0       
   0       
   0       
   4.7     
   0.0021  
   33      
  -0.026   
   0       
   0.49    
   0       
   0       
   0       

XPOS
   0         0         0       
   0         0         0.45    
   0.19      0.046     0.45    
   0.19      0.14      0.45    
   0.19      0.14      0.23    
   0.19      0.14      0.019   
   0.19     -0.046     0.45    
   0.19     -0.14      0.45    
   0.19     -0.14      0.23    
   0.19     -0.14      0.019   
  -0.19      0.046     0.45    
  -0.19      0.14      0.45    
  -0.19      0.14      0.23    
  -0.19      0.14      0.019   
  -0.19     -0.046     0.45    
  -0.19     -0.14      0.45    
  -0.19     -0.14      0.23    
  -0.19     -0.14      0.019   

XQUAT
   1         0         0         0       
   1         0         0         0       
   1         0         0         0       
   1         0         0         0       
   1         0         0         0       
   1         0         0         0       
   1         0         0         0       
   1         0         0         0       
   1         0         0         0       
   1         0         0         0       
   1         0         0         0       
   1         0         0         0       
   1         0         0         0       
   1         0         0         0       
   1         0         0         0       
   1         0         0         0       
   1         0         0         0       
   1         0         0         0       

XMAT
   1         0         0         0         1         0         0         0         1       
   1         0         0         0         1         0         0         0         1       
   1         0         0         0         1         0         0         0         1       
   1         0         0         0         1         0         0         0         1       
   1         0         0         0         1         0         0         0         1       
   1         0         0         0         1         0         0         0         1       
   1         0         0         0         1         0         0         0         1       
   1         0         0         0         1         0         0         0         1       
   1         0         0         0         1         0         0         0         1       
   1         0         0         0         1         0         0         0         1       
   1         0         0         0         1         0         0         0         1       
   1         0         0         0         1         0         0         0         1       
   1         0         0         0         1         0         0         0         1       
   1         0         0         0         1         0         0         0         1       
   1         0         0         0         1         0         0         0         1       
   1         0         0         0         1         0         0         0         1       
   1         0         0         0         1         0         0         0         1       
   1         0         0         0         1         0         0         0         1       

XIPOS
   0         0         0       
   0.021     0         0.44    
   0.19      0.048     0.44    
   0.19      0.12      0.41    
   0.2       0.14      0.091   
   0.19      0.14     -0.19    
   0.19     -0.048     0.44    
   0.19     -0.12      0.41    
   0.2      -0.14      0.091   
   0.19     -0.14     -0.19    
  -0.19      0.048     0.44    
  -0.2       0.12      0.41    
  -0.19      0.14      0.091   
  -0.19      0.14     -0.19    
  -0.19     -0.048     0.44    
  -0.2      -0.12      0.41    
  -0.19     -0.14      0.091   
  -0.19     -0.14     -0.19    

XIMAT
   1         0         0         0         1         0         0         0         1       
   0.018    -0.0017    1        -0.0032   -1        -0.0017    1        -0.0032   -0.018   
  -0.0075    0.0094    1         1         0.005     0.0074   -0.005     1        -0.0095  
   0.39     -0.92      0.06      0.91      0.38     -0.16      0.13      0.12      0.98    
   0.01     -1        -0.0042    1         0.01     -0.0085    0.0086   -0.0041    1       
   1         0         0         0         1         0         0         0         1       
   0.0075    0.0094    1         1        -0.005    -0.0074    0.005     1        -0.0095  
  -0.39     -0.92      0.06      0.91     -0.38      0.16     -0.13      0.12      0.98    
  -0.01     -1        -0.0042    1        -0.01      0.0085   -0.0086   -0.0041    1       
   1         0         0         0         1         0         0         0         1       
   0.0075   -0.0094    1         1         0.005    -0.0074   -0.005     1         0.0095  
   0.39     -0.92      0.06      0.91      0.38     -0.16      0.13      0.12      0.98    
   0.01     -1        -0.0042    1         0.01     -0.0085    0.0086   -0.0041    1       
   1         0         0         0         1         0         0         0         1       
  -0.0075   -0.0094    1         1        -0.005     0.0074    0.005     1         0.0095  
  -0.39     -0.92      0.06      0.91     -0.38      0.16     -0.13      0.12      0.98    
  -0.01     -1        -0.0042    1        -0.01      0.0085   -0.0086   -0.0041    1       
   1         0         0         0         1         0         0         0         1       

XANCHOR
   0         0         0.45    
   0.19      0.046     0.45    
   0.19      0.14      0.45    
   0.19      0.14      0.23    
   0.19     -0.046     0.45    
   0.19     -0.14      0.45    
   0.19     -0.14      0.23    
  -0.19      0.046     0.45    
  -0.19      0.14      0.45    
  -0.19      0.14      0.23    
  -0.19     -0.046     0.45    
  -0.19     -0.14      0.45    
  -0.19     -0.14      0.23    

XAXIS
   0         0         1       
   1         0         0       
   0         1         0       
   0         1         0       
   1         0         0       
   0         1         0       
   0         1         0       
   1         0         0       
   0         1         0       
   0         1         0       
   1         0         0       
   0         1         0       
   0         1         0       

GEOM_XPOS
   0         0         0       
   0.29     -0.00026   0.38    
   0.29     -0.00021   0.39    
   0.33     -0.00023   0.48    
   0.058     0.0079    0.48    
   0.077    -0.0006    0.44    
   0         0         0.45    
   0.28      0         0.46    
   0.29      0         0.39    
   0.17      0.042     0.44    
   0.18      0.056     0.44    
   0.19      0.13      0.45    
   0.19      0.13      0.4     
   0.19      0.12      0.46    
   0.19      0.14      0.34    
   0.2       0.14      0.11    
   0.19      0.14      0.014   
   0.2       0.14      0.17    
   0.21      0.14      0.084   
   0.19      0.14      0.014   
   0.19      0.14      0.019   
   0.17     -0.042     0.45    
   0.18     -0.056     0.45    
   0.19     -0.13      0.45    
   0.19     -0.13      0.4     
   0.19     -0.12      0.46    
   0.19     -0.14      0.34    
   0.2      -0.14      0.11    
   0.19     -0.14      0.014   
   0.2      -0.14      0.17    
   0.21     -0.14      0.084   
   0.19     -0.14      0.014   
   0.19     -0.14      0.019   
  -0.17      0.042     0.45    
  -0.18      0.056     0.45    
  -0.19      0.13      0.45    
  -0.2       0.13      0.4     
  -0.2       0.12      0.46    
  -0.19      0.14      0.34    
  -0.19      0.14      0.11    
  -0.2       0.14      0.014   
  -0.18      0.14      0.17    
  -0.17      0.14      0.084   
  -0.2       0.14      0.014   
  -0.2       0.14      0.019   
  -0.17     -0.042     0.44    
  -0.18     -0.056     0.44    
  -0.19     -0.13      0.45    
  -0.2      -0.13      0.4     
  -0.2      -0.12      0.46    
  -0.19     -0.14      0.34    
  -0.19     -0.14      0.11    
  -0.2      -0.14      0.014   
  -0.18     -0.14      0.17    
  -0.17     -0.14      0.084   
  -0.2      -0.14      0.014   
  -0.2      -0.14      0.019   

GEOM_XMAT
   1         0         0         0         1         0         0         0         1       
  -0.26     -0.97      0.00048  -0.0019    1.2e-05  -1         0.97     -0.26     -0.0018  
  -0.26     -0.97      0.00017  -0.00062  -4.2e-06  -1         0.97     -0.26     -0.0006  
   1         0.0001   -0.047    -0.00011   1        -0.00024   0.047     0.00025   1       
  -0.014     0.014     1         0.0079   -1         0.014     1         0.0081    0.014   
  -0.048    -0.0029    1        -0.013    -1        -0.0036    1        -0.013     0.048   
   1         0         0         0         1         0         0         0         1       
   1         0         0         0         1         0         0         0         1       
   1         0         0         0         1         0         0         0         1       
   0.052     0.0032    1         1         0.00032  -0.052    -0.00049   1        -0.0032  
  -0.36      0.0013    0.93      0.93      0.00044   0.36      7.1e-05   1        -0.0014  
   1         0         0         0         0        -1         0         1         0       
   0.12     -0.99      0.062     0.99      0.11     -0.14      0.13      0.077     0.99    
  -0.37     -0.75      0.55     -0.62     -0.24     -0.74      0.69     -0.62     -0.37    
   0         0         1         0         1         0        -1         0         0       
  -0.017    -1        -0.04      1        -0.017    -0.0027    0.002    -0.041     1       
   0.53     -0.00027   0.85     -0.00015  -1        -0.00022   0.85     -9.7e-06  -0.53    
   0.98     -0        -0.21      0         1        -0         0.21      0         0.98    
   1         0         0.05      0         1         0        -0.05      0         1       
   0.53     -0.00021   0.85      0.00012  -1        -0.00032   0.85      0.00027  -0.53    
   1         0         0         0         1         0         0         0         1       
   0.052     0.0032    1        -1        -0.00041   0.052     0.00058  -1         0.0032  
  -0.36      0.0013    0.93     -0.93     -0.00054  -0.36      1.5e-05  -1         0.0014  
   1         0         0         0         0        -1         0         1         0       
  -0.12     -0.99      0.062     0.99     -0.11      0.14     -0.13      0.077     0.99    
  -0.37     -0.75     -0.55      0.62      0.24     -0.74      0.69     -0.62      0.37    
   0         0         1         0         1         0        -1         0         0       
   0.017    -1        -0.04      1         0.017     0.0027   -0.002    -0.041     1       
   0.53      0.00027   0.85      0.00015  -1         0.00023   0.85      4.3e-06  -0.53    
   0.98     -0        -0.2       0         1        -0         0.2       0         0.98    
   1         0         0.05      0         1         0        -0.05      0         1       
   0.53     -0.00021   0.85      0.00012  -1        -0.00032   0.85      0.00027  -0.53    
   1         0         0         0         1         0         0         0         1       
  -0.052    -0.0031   -1         1         0.00032  -0.052     0.00048  -1         0.0031  
   0.36     -0.0013   -0.93      0.93      0.00044   0.36     -3.8e-05  -1         0.0013  
   1         0         0         0         0        -1         0         1         0       
   0.12     -0.99      0.062     0.99      0.11     -0.14      0.13      0.077     0.99    
  -0.37     -0.75      0.55     -0.62     -0.24     -0.74      0.69     -0.62     -0.37    
   0         0         1         0         1         0        -1         0         0       
  -0.017    -1        -0.04      1        -0.017    -0.0027    0.002    -0.041     1       
   0.53     -0.00027   0.85     -0.00015  -1        -0.00022   0.85     -9.7e-06  -0.53    
   0.98     -0        -0.2       0         1        -0         0.2       0         0.98    
   1         0         0.05      0         1         0        -0.05      0         1       
   0.53     -0.00021   0.85      0.00012  -1        -0.00032   0.85      0.00027  -0.53    
   1         0         0         0         1         0         0         0         1       
  -0.052    -0.0033   -1        -1        -0.00041   0.052    -0.00058   1        -0.0033  
   0.36     -0.0014   -0.93     -0.93     -0.00054  -0.36      1.9e-05   1        -0.0015  
   1         0         0         0         0        -1         0         1         0       
  -0.12     -0.99      0.062     0.99     -0.11      0.14     -0.13      0.077     0.99    
  -0.37     -0.75     -0.55      0.62      0.24     -0.74      0.69     -0.62      0.37    
   0         0         1         0         1         0        -1         0         0       
   0.017    -1        -0.04      1         0.017     0.0027   -0.002    -0.041     1       
   0.53      0.00027   0.85      0.00015  -1         0.00023   0.85      4.3e-06  -0.53    
   0.98     -0        -0.2       0         1        -0         0.2       0         0.98    
   1         0         0.05      0         1         0        -0.05      0         1       
   0.53     -0.00021   0.85      0.00012  -1        -0.00032   0.85      0.00027  -0.53    
   1         0         0         0         1         0         0         0         1       

SITE_XPOS
  -0.026     0         0.49    

SITE_XMAT
   1         0         0         0         1         0         0         0         1       

LIGHT_XPOS
   0         0         1.5     

LIGHT_XDIR
   0         0        -1       

SUBTREE_COM
   0.0089    0         0.41    
   0.0089    0         0.41    
   0.19      0.099     0.39    
   0.19      0.12      0.36    
   0.2       0.14      0.091   
   0.19      0.14     -0.19    
   0.19     -0.099     0.39    
   0.19     -0.12      0.36    
   0.2      -0.14      0.091   
   0.19     -0.14     -0.19    
  -0.19      0.099     0.39    
  -0.2       0.12      0.36    
  -0.19      0.14      0.091   
  -0.19      0.14     -0.19    
  -0.19     -0.099     0.39    
  -0.2      -0.12      0.36    
  -0.19     -0.14      0.091   
  -0.19     -0.14     -0.19    

CDOF
   0         0         0         1         0         0       
   0         0         0         0         1         0       
   0         0         0         0         0         1       
   1         0         0        -0         0.035     0       
   0         1         0        -0.035     0        -0.0089  
   0         0         1        -0         0.0089    0       
   1         0         0         0         0.035    -0.046   
   0         1         0        -0.035     0         0.18    
   0         1         0         0.18     -0         0.18    
   1         0         0        -0         0.035     0.046   
   0         1         0        -0.035     0         0.18    
   0         1         0         0.18     -0         0.18    
   1         0         0         0         0.035    -0.046   
   0         1         0        -0.035     0        -0.2     
   0         1         0         0.18      0        -0.2     
   1         0         0        -0         0.035     0.046   
   0         1         0        -0.035     0        -0.2     
   0         1         0         0.18      0        -0.2     

CINERT
   0         0         0         0         0         0         0         0         0         0       
   0.031     0.11      0.11      0.00012  -0.001    -3.1e-05   0.085     0         0.2       6.9     
   0.0029    0.023     0.024    -0.0059   -0.0042   -0.0011    0.12      0.033     0.024     0.68    
   0.022     0.043     0.055    -0.025    -0.00074   0.00051   0.21      0.14      0.0025    1.2     
   0.031     0.035     0.014    -0.0065    0.015     0.011     0.046     0.034    -0.077     0.24    
   0         0         0         0         0         0         0         0        -0         0       
   0.0029    0.023     0.024     0.0059   -0.0042    0.0011    0.12     -0.033     0.024     0.68    
   0.022     0.043     0.055     0.025    -0.00074  -0.00051   0.21     -0.14      0.0025    1.2     
   0.031     0.035     0.014     0.0065    0.015    -0.011     0.046    -0.034    -0.077     0.24    
   0         0         0         0         0         0         0        -0        -0         0       
   0.0029    0.028     0.028     0.0065    0.0046   -0.0011   -0.13      0.033     0.024     0.68    
   0.022     0.055     0.066     0.028     0.00023   0.00051  -0.24      0.14      0.0025    1.2     
   0.031     0.035     0.014     0.0067   -0.015     0.011    -0.047     0.034    -0.077     0.24    
   0         0         0         0         0         0        -0         0        -0         0       
   0.0029    0.028     0.028    -0.0065    0.0046    0.0011   -0.13     -0.033     0.024     0.68    
   0.022     0.055     0.066    -0.028     0.00023  -0.00051  -0.24     -0.14      0.0025    1.2     
   0.031     0.035     0.014    -0.0067   -0.015    -0.011    -0.047    -0.034    -0.077     0.24    
   0         0         0         0         0         0        -0        -0        -0         0       

ACTUATOR_LENGTH
   0       
   0       
   0       
   0       
   0       
   0       
   0       
   0       
   0       
   0       
   0       
   0       

actuator_moments
--------------------
          x         |
           x        |
            x       |
       x            |
        x           |
         x          |
                x   |
                 x  |
                  x |
             x      |
              x     |
               x    |
--------------------

ACTUATOR_MOMENT
    9:  1       
    10:  1       
    11:  1       
    6:  1       
    7:  1       
    8:  1       
    15:  1       
    16:  1       
    17:  1       
    12:  1       
    13:  1       
    14:  1       

CRB
   0         0         0         0         0         0         0         0         0         0       
   0.26      0.54      0.51      0.00012  -0.002    -3.1e-05  -1.1e-16   0         6.9e-17   15      
   0.056     0.1       0.093    -0.037     0.0098    0.01      0.38      0.2      -0.051     2.1     
   0.053     0.078     0.069    -0.031     0.014     0.011     0.25      0.17     -0.075     1.4     
   0.031     0.035     0.014    -0.0065    0.015     0.011     0.046     0.034    -0.077     0.24    
   0         0         0         0         0         0         0         0        -0         0       
   0.056     0.1       0.093     0.037     0.0098   -0.01      0.38     -0.2      -0.051     2.1     
   0.053     0.078     0.069     0.031     0.014    -0.011     0.25     -0.17     -0.075     1.4     
   0.031     0.035     0.014     0.0065    0.015    -0.011     0.046    -0.034    -0.077     0.24    
   0         0         0         0         0         0         0        -0        -0         0       
   0.056     0.12      0.11      0.042    -0.01      0.01     -0.42      0.2      -0.051     2.1     
   0.053     0.09      0.081     0.035    -0.015     0.011    -0.28      0.17     -0.075     1.4     
   0.031     0.035     0.014     0.0067   -0.015     0.011    -0.047     0.034    -0.077     0.24    
   0         0         0         0         0         0        -0         0        -0         0       
   0.056     0.12      0.11     -0.042    -0.01     -0.01     -0.42     -0.2      -0.051     2.1     
   0.053     0.09      0.081    -0.035    -0.015    -0.011    -0.28     -0.17     -0.075     1.4     
   0.031     0.035     0.014    -0.0067   -0.015    -0.011    -0.047    -0.034    -0.077     0.24    
   0         0         0         0         0         0        -0        -0        -0         0       

QM
   15        0         0         0        -0.53      0         0        -0.12     -0.034     0        -0.12     -0.034     0        -0.12     -0.034     0        -0.12     -0.034   
   0         15        0         0.53      0         0.13      0.12      0         0         0.12      0         0         0.12      0         0         0.12      0         0       
   0         0         15        0        -0.13      0         0.11      0.0028   -0.0015   -0.11      0.0028   -0.0015    0.11      0.0028   -0.0015   -0.11      0.0028   -0.0015  
   0         0.53      0         0.27      0.00012   0.0027    0.053     0.00039  -0.00021   0.053    -0.00039   0.00021   0.053     0.00039  -0.00021   0.053    -0.00039   0.00021 
  -0.53      0        -0.13      0.00012   0.56     -3.1e-05  -0.021     0.038     0.014     0.021     0.038     0.014     0.021     0.039     0.013    -0.021     0.039     0.013   
   0         0.13      0         0.0027   -3.1e-05   0.51      0.024     0.017     0.0048    0.024    -0.017    -0.0048   -0.024     0.017     0.0048   -0.024    -0.017    -0.0048  
   0         0.12      0.11      0.053    -0.021     0.024     0.058     0.00026  -0.00014   0         0         0         0         0         0         0         0         0       
  -0.12      0         0.0028    0.00039   0.038     0.017     0.00026   0.049     0.014     0         0         0         0         0         0         0         0         0       
  -0.034     0        -0.0015   -0.00021   0.014     0.0048   -0.00014   0.014     0.016     0         0         0         0         0         0         0         0         0       
   0         0.12     -0.11      0.053     0.021     0.024     0         0         0         0.058    -0.00026   0.00014   0         0         0         0         0         0       
  -0.12      0         0.0028   -0.00039   0.038    -0.017     0         0         0        -0.00026   0.049     0.014     0         0         0         0         0         0       
  -0.034     0        -0.0015    0.00021   0.014    -0.0048    0         0         0         0.00014   0.014     0.016     0         0         0         0         0         0       
   0         0.12      0.11      0.053     0.021    -0.024     0         0         0         0         0         0         0.058     0.00026  -0.00014   0         0         0       
  -0.12      0         0.0028    0.00039   0.039     0.017     0         0         0         0         0         0         0.00026   0.049     0.014     0         0         0       
  -0.034     0        -0.0015   -0.00021   0.013     0.0048    0         0         0         0         0         0        -0.00014   0.014     0.016     0         0         0       
   0         0.12     -0.11      0.053    -0.021    -0.024     0         0         0         0         0         0         0         0         0         0.058    -0.00026   0.00014 
  -0.12      0         0.0028   -0.00039   0.039    -0.017     0         0         0         0         0         0         0         0         0        -0.00026   0.049     0.014   
  -0.034     0        -0.0015    0.00021   0.013    -0.0048    0         0         0         0         0         0         0         0         0         0.00014   0.014     0.016   

QLD
   14       -2.7e-06  -0.0017    0.00051  -0.34      2.5e-18   0.011    -2.5      -2.1      -0.011    -2.5      -2.1       0.011    -2.5      -2.1      -0.011    -2.5      -2.1     
  -2.7e-06   14       -2.7e-06   0.98      2.3e-05   0.3       2.1       0         0         2.1       0         0         2.1       0         0         2.1       0         0       
  -0.0017   -2.7e-06   14        0.00053  -0.35      0         1.9       0.11     -0.093    -1.9       0.11     -0.093     1.9       0.11     -0.093    -1.9       0.11     -0.093   
   0.00051   0.98      0.00053   0.081     0.0003    0.0047    0.91      0.015    -0.013     0.91     -0.015     0.013     0.91      0.015    -0.013     0.91     -0.015     0.013   
  -0.34      2.3e-05  -0.35      0.0003    0.41     -7e-05    -0.36      0.71      0.85      0.36      0.71      0.85      0.37      0.75      0.81     -0.37      0.75      0.81    
   2.5e-18   0.3       0         0.0047   -7e-05     0.45      0.41      0.36      0.3       0.41     -0.36     -0.3      -0.41      0.36      0.3      -0.41     -0.36     -0.3     
   0.011     2.1       1.9       0.91     -0.36      0.41      0.058     0.01     -0.0088    0         0         0         0         0         0         0         0         0       
  -2.5       0         0.11      0.015     0.71      0.36      0.01      0.038     0.83      0         0         0         0         0         0         0         0         0       
  -2.1       0        -0.093    -0.013     0.85      0.3      -0.0088    0.83      0.016     0         0         0         0         0         0         0         0         0       
  -0.011     2.1      -1.9       0.91      0.36      0.41      0         0         0         0.058    -0.01      0.0088    0         0         0         0         0         0       
  -2.5       0         0.11     -0.015     0.71     -0.36      0         0         0        -0.01      0.038     0.83      0         0         0         0         0         0       
  -2.1       0        -0.093     0.013     0.85     -0.3       0         0         0         0.0088    0.83      0.016     0         0         0         0         0         0       
   0.011     2.1       1.9       0.91      0.37     -0.41      0         0         0         0         0         0         0.058     0.01     -0.0088    0         0         0       
  -2.5       0         0.11      0.015     0.75      0.36      0         0         0         0         0         0         0.01      0.038     0.83      0         0         0       
  -2.1       0        -0.093    -0.013     0.81      0.3       0         0         0         0         0         0        -0.0088    0.83      0.016     0         0         0       
  -0.011     2.1      -1.9       0.91     -0.37     -0.41      0         0         0         0         0         0         0         0         0         0.058    -0.01      0.0088  
  -2.5       0         0.11     -0.015     0.75     -0.36      0         0         0         0         0         0         0         0         0        -0.01      0.038     0.83    
  -2.1       0        -0.093     0.013     0.81     -0.3       0         0         0         0         0         0         0         0         0         0.0088    0.83      0.016   

QLDIAGINV
   0.072   
   0.071   
   0.07    
   12      
   2.5     
   2.2     
   17      
   27      
   61      
   17      
   27      
   61      
   17      
   27      
   61      
   17      
   27      
   61      

QLDIAGSQRTINV
   0.27    
   0.27    
   0.26    
   3.5     
   1.6     
   1.5     
   4.2     
   5.2     
   7.8     
   4.2     
   5.2     
   7.8     
   4.2     
   5.2     
   7.8     
   4.2     
   5.2     
   7.8     

B: body-dof matrix
--------------------
 xxxxxxxxxxxxxxxxxx |
 xxxxxxxxxxxxxxxxxx |
 xxxxxxxxx          |
 xxxxxxxxx          |
 xxxxxxxxx          |
 xxxxxxxxx          |
 xxxxxx   xxx       |
 xxxxxx   xxx       |
 xxxxxx   xxx       |
 xxxxxx   xxx       |
 xxxxxx      xxx    |
 xxxxxx      xxx    |
 xxxxxx      xxx    |
 xxxxxx      xxx    |
 xxxxxx         xxx |
 xxxxxx         xxx |
 xxxxxx         xxx |
 xxxxxx         xxx |
--------------------

B_rownnz              18 18 9 9 9 9 9 9 9 9 9 9 9 9 9 9 9 9

B_rowadr              0 18 36 45 54 63 72 81 90 99 108 117 126 135 144 153 162 171

B_colind              0 1 2 3 4 5 6 7 8 9 10 11 12 13 14 15 16 17 0 1 2 3 4 5 6 7 8 9 10 11 12 13 14 15 16 17 0 1 2 3 4 5 6 7 8 0 1 2 3 4 5 6 7 8 0 1 2 3 4 5 6 7 8 0 1 2 3 4 5 6 7 8 0 1 2 3 4 5 9 10 11 0 1 2 3 4 5 9 10 11 0 1 2 3 4 5 9 10 11 0 1 2 3 4 5 9 10 11 0 1 2 3 4 5 12 13 14 0 1 2 3 4 5 12 13 14 0 1 2 3 4 5 12 13 14 0 1 2 3 4 5 12 13 14 0 1 2 3 4 5 15 16 17 0 1 2 3 4 5 15 16 17 0 1 2 3 4 5 15 16 17 0 1 2 3 4 5 15 16 17

C: reduced dof-dof matrix
--------------------
 xxxxxxxxxxxxxxxxxx |
 xxxxxxxxxxxxxxxxxx |
 xxxxxxxxxxxxxxxxxx |
 xxxxxxxxxxxxxxxxxx |
 xxxxxxxxxxxxxxxxxx |
 xxxxxxxxxxxxxxxxxx |
 xxxxxxxxx          |
 xxxxxxxxx          |
 xxxxxxxxx          |
 xxxxxx   xxx       |
 xxxxxx   xxx       |
 xxxxxx   xxx       |
 xxxxxx      xxx    |
 xxxxxx      xxx    |
 xxxxxx      xxx    |
 xxxxxx         xxx |
 xxxxxx         xxx |
 xxxxxx         xxx |
--------------------

C_rownnz              18 18 18 18 18 18 9 9 9 9 9 9 9 9 9 9 9 9

C_rowadr              0 18 36 54 72 90 108 117 126 135 144 153 162 171 180 189 198 207

C_colind              0 1 2 3 4 5 6 7 8 9 10 11 12 13 14 15 16 17 0 1 2 3 4 5 6 7 8 9 10 11 12 13 14 15 16 17 0 1 2 3 4 5 6 7 8 9 10 11 12 13 14 15 16 17 0 1 2 3 4 5 6 7 8 9 10 11 12 13 14 15 16 17 0 1 2 3 4 5 6 7 8 9 10 11 12 13 14 15 16 17 0 1 2 3 4 5 6 7 8 9 10 11 12 13 14 15 16 17 0 1 2 3 4 5 6 7 8 0 1 2 3 4 5 6 7 8 0 1 2 3 4 5 6 7 8 0 1 2 3 4 5 9 10 11 0 1 2 3 4 5 9 10 11 0 1 2 3 4 5 9 10 11 0 1 2 3 4 5 12 13 14 0 1 2 3 4 5 12 13 14 0 1 2 3 4 5 12 13 14 0 1 2 3 4 5 15 16 17 0 1 2 3 4 5 15 16 17 0 1 2 3 4 5 15 16 17

mapM2C                0 2 5 9 14 20 27 35 44 51 59 68 75 83 92 99 107 116 2 1 4 8 13 19 26 34 43 50 58 67 74 82 91 98 106 115 5 4 3 7 12 18 25 33 42 49 57 66 73 81 90 97 105 114 9 8 7 6 11 17 24 32 41 48 56 65 72 80 89 96 104 113 14 13 12 11 10 16 23 31 40 47 55 64 71 79 88 95 103 112 20 19 18 17 16 15 22 30 39 46 54 63 70 78 87 94 102 111 27 26 25 24 23 22 21 29 38 35 34 33 32 31 30 29 28 37 44 43 42 41 40 39 38 37 36 51 50 49 48 47 46 45 53 62 59 58 57 56 55 54 53 52 61 68 67 66 65 64 63 62 61 60 75 74 73 72 71 70 69 77 86 83 82 81 80 79 78 77 76 85 92 91 90 89 88 87 86 85 84 99 98 97 96 95 94 93 101 110 107 106 105 104 103 102 101 100 109 116 115 114 113 112 111 110 109 108

D: dof-dof matrix
--------------------
 xxxxxxxxxxxxxxxxxx |
 xxxxxxxxxxxxxxxxxx |
 xxxxxxxxxxxxxxxxxx |
 xxxxxxxxxxxxxxxxxx |
 xxxxxxxxxxxxxxxxxx |
 xxxxxxxxxxxxxxxxxx |
 xxxxxxxxx          |
 xxxxxxxxx          |
 xxxxxxxxx          |
 xxxxxx   xxx       |
 xxxxxx   xxx       |
 xxxxxx   xxx       |
 xxxxxx      xxx    |
 xxxxxx      xxx    |
 xxxxxx      xxx    |
 xxxxxx         xxx |
 xxxxxx         xxx |
 xxxxxx         xxx |
--------------------

D_rownnz              18 18 18 18 18 18 9 9 9 9 9 9 9 9 9 9 9 9

D_rowadr              0 18 36 54 72 90 108 117 126 135 144 153 162 171 180 189 198 207

D_colind              0 1 2 3 4 5 6 7 8 9 10 11 12 13 14 15 16 17 0 1 2 3 4 5 6 7 8 9 10 11 12 13 14 15 16 17 0 1 2 3 4 5 6 7 8 9 10 11 12 13 14 15 16 17 0 1 2 3 4 5 6 7 8 9 10 11 12 13 14 15 16 17 0 1 2 3 4 5 6 7 8 9 10 11 12 13 14 15 16 17 0 1 2 3 4 5 6 7 8 9 10 11 12 13 14 15 16 17 0 1 2 3 4 5 6 7 8 0 1 2 3 4 5 6 7 8 0 1 2 3 4 5 6 7 8 0 1 2 3 4 5 9 10 11 0 1 2 3 4 5 9 10 11 0 1 2 3 4 5 9 10 11 0 1 2 3 4 5 12 13 14 0 1 2 3 4 5 12 13 14 0 1 2 3 4 5 12 13 14 0 1 2 3 4 5 15 16 17 0 1 2 3 4 5 15 16 17 0 1 2 3 4 5 15 16 17

mapM2D                0 2 5 9 14 20 27 35 44 51 59 68 75 83 92 99 107 116 2 1 4 8 13 19 26 34 43 50 58 67 74 82 91 98 106 115 5 4 3 7 12 18 25 33 42 49 57 66 73 81 90 97 105 114 9 8 7 6 11 17 24 32 41 48 56 65 72 80 89 96 104 113 14 13 12 11 10 16 23 31 40 47 55 64 71 79 88 95 103 112 20 19 18 17 16 15 22 30 39 46 54 63 70 78 87 94 102 111 27 26 25 24 23 22 21 29 38 35 34 33 32 31 30 29 28 37 44 43 42 41 40 39 38 37 36 51 50 49 48 47 46 45 53 62 59 58 57 56 55 54 53 52 61 68 67 66 65 64 63 62 61 60 75 74 73 72 71 70 69 77 86 83 82 81 80 79 78 77 76 85 92 91 90 89 88 87 86 85 84 99 98 97 96 95 94 93 101 110 107 106 105 104 103 102 101 100 109 116 115 114 113 112 111 110 109 108

mapD2M                0 19 18 38 37 36 57 56 55 54 76 75 74 73 72 95 94 93 92 91 90 114 113 112 111 110 109 108 124 123 122 121 120 119 118 117 134 133 132 131 130 129 128 127 126 141 140 139 138 137 136 135 151 150 149 148 147 146 145 144 161 160 159 158 157 156 155 154 153 168 167 166 165 164 163 162 178 177 176 175 174 173 172 171 188 187 186 185 184 183 182 181 180 195 194 193 192 191 190 189 205 204 203 202 201 200 199 198 215 214 213 212 211 210 209 208 207

QDERIV
   0         0         0         0         0         0         0         0         0         0         0         0         0         0         0         0         0         0       
   0         0         0         0         0         0         0         0         0         0         0         0         0         0         0         0         0         0       
   0         0         0         0         0         0         0         0         0         0         0         0         0         0         0         0         0         0       
   0         0         0         0         0         0         0         0         0         0         0         0         0         0         0         0         0         0       
   0         0         0         0         0         0         0         0         0         0         0         0         0         0         0         0         0         0       
   0         0         0         0         0         0         0         0         0         0         0         0         0         0         0         0         0         0       
   0         0         0         0         0         0         0         0         0         0         0         0         0         0         0         0         0         0       
   0         0         0         0         0         0         0         0         0         0         0         0         0         0         0         0         0         0       
   0         0         0         0         0         0         0         0         0         0         0         0         0         0         0         0         0         0       
   0         0         0         0         0         0         0         0         0         0         0         0         0         0         0         0         0         0       
   0         0         0         0         0         0         0         0         0         0         0         0         0         0         0         0         0         0       
   0         0         0         0         0         0         0         0         0         0         0         0         0         0         0         0         0         0       
   0         0         0         0         0         0         0         0         0         0         0         0         0         0         0         0         0         0       
   0         0         0         0         0         0         0         0         0         0         0         0         0         0         0         0         0         0       
   0         0         0         0         0         0         0         0         0         0         0         0         0         0         0         0         0         0       
   0         0         0         0         0         0         0         0         0         0         0         0         0         0         0         0         0         0       
   0         0         0         0         0         0         0         0         0         0         0         0         0         0         0         0         0         0       
   0         0         0         0         0         0         0         0         0         0         0         0         0         0         0         0         0         0       

QLU
   0         0         0         0         0         0         0         0         0         0         0         0         0         0         0         0         0         0       
   0         0         0         0         0         0         0         0         0         0         0         0         0         0         0         0         0         0       
   0         0         0         0         0         0         0         0         0         0         0         0         0         0         0         0         0         0       
   0         0         0         0         0         0         0         0         0         0         0         0         0         0         0         0         0         0       
   0         0         0         0         0         0         0         0         0         0         0         0         0         0         0         0         0         0       
   0         0         0         0         0         0         0         0         0         0         0         0         0         0         0         0         0         0       
   0         0         0         0         0         0         0         0         0         0         0         0         0         0         0         0         0         0       
   0         0         0         0         0         0         0         0         0         0         0         0         0         0         0         0         0         0       
   0         0         0         0         0         0         0         0         0         0         0         0         0         0         0         0         0         0       
   0         0         0         0         0         0         0         0         0         0         0         0         0         0         0         0         0         0       
   0         0         0         0         0         0         0         0         0         0         0         0         0         0         0         0         0         0       
   0         0         0         0         0         0         0         0         0         0         0         0         0         0         0         0         0         0       
   0         0         0         0         0         0         0         0         0         0         0         0         0         0         0         0         0         0       
   0         0         0         0         0         0         0         0         0         0         0         0         0         0         0         0         0         0       
   0         0         0         0         0         0         0         0         0         0         0         0         0         0         0         0         0         0       
   0         0         0         0         0         0         0         0         0         0         0         0         0         0         0         0         0         0       
   0         0         0         0         0         0         0         0         0         0         0         0         0         0         0         0         0         0       
   0         0         0         0         0         0         0         0         0         0         0         0         0         0         0         0         0         0       

CONTACT
  0:
     dim           6
     geoms         floor : FL
     exclude       0
     efc_address   16
     solref         0.02      1       
     solimp         0.9       0.95      0.001     0.5       2       
     dist          -0.003   
     includemargin  0.001   
     pos            0.19      0.14     -0.0015  
     frame          0         0         1         0         1         0        -1         0         0       
     friction       0.4       0.4       0.02      0.01      0.01    
     mu             0.04    
  1:
     dim           6
     geoms         floor : FR
     exclude       0
     efc_address   22
     solref         0.02      1       
     solimp         0.9       0.95      0.001     0.5       2       
     dist          -0.003   
     includemargin  0.001   
     pos            0.19     -0.14     -0.0015  
     frame          0         0         1         0         1         0        -1         0         0       
     friction       0.4       0.4       0.02      0.01      0.01    
     mu             0.04    
  2:
     dim           6
     geoms         floor : RL
     exclude       0
     efc_address   28
     solref         0.02      1       
     solimp         0.9       0.95      0.001     0.5       2       
     dist          -0.003   
     includemargin  0.001   
     pos           -0.2       0.14     -0.0015  
     frame          0         0         1         0         1         0        -1         0         0       
     friction       0.4       0.4       0.02      0.01      0.01    
     mu             0.04    
  3:
     dim           6
     geoms         floor : RR
     exclude       0
     efc_address   34
     solref         0.02      1       
     solimp         0.9       0.95      0.001     0.5       2       
     dist          -0.003   
     includemargin  0.001   
     pos           -0.2      -0.14     -0.0015  
     frame          0         0         1         0         1         0        -1         0         0       
     friction       0.4       0.4       0.02      0.01      0.01    
     mu             0.04    

EFC_TYPE
  1
  1
  1
  1
  1
  1
  1
  1
  1
  1
  1
  1
  3
  3
  3
  3
  7
  7
  7
  7
  7
  7
  7
  7
  7
  7
  7
  7
  7
  7
  7
  7
  7
  7
  7
  7
  7
  7
  7
  7

EFC_ID
  6
  7
  8
  9
  10
  11
  12
  13
  14
  15
  16
  17
  3
  6
  9
  12
  0
  0
  0
  0
  0
  0
  1
  1
  1
  1
  1
  1
  2
  2
  2
  2
  2
  2
  3
  3
  3
  3
  3
  3

EFC_J
   0         0         0         0         0         0         1         0         0         0         0         0         0         0         0         0         0         0       
   0         0         0         0         0         0         0         1         0         0         0         0         0         0         0         0         0         0       
   0         0         0         0         0         0         0         0         1         0         0         0         0         0         0         0         0         0       
   0         0         0         0         0         0         0         0         0         1         0         0         0         0         0         0         0         0       
   0         0         0         0         0         0         0         0         0         0         1         0         0         0         0         0         0         0       
   0         0         0         0         0         0         0         0         0         0         0         1         0         0         0         0         0         0       
   0         0         0         0         0         0         0         0         0         0         0         0         1         0         0         0         0         0       
   0         0         0         0         0         0         0         0         0         0         0         0         0         1         0         0         0         0       
   0         0         0         0         0         0         0         0         0         0         0         0         0         0         1         0         0         0       
   0         0         0         0         0         0         0         0         0         0         0         0         0         0         0         1         0         0       
   0         0         0         0         0         0         0         0         0         0         0         0         0         0         0         0         1         0       
   0         0         0         0         0         0         0         0         0         0         0         0         0         0         0         0         0         1       
   0         0         0         0         0         0         0         0        -1         0         0         0         0         0         0         0         0         0       
   0         0         0         0         0         0         0         0         0         0         0        -1         0         0         0         0         0         0       
   0         0         0         0         0         0         0         0         0         0         0         0         0         0        -1         0         0         0       
   0         0         0         0         0         0         0         0         0         0         0         0         0         0         0         0         0        -1       
   0         0         1         0.14     -0.19      0         0.096     0.002     0.002     0         0         0         0         0         0         0         0         0       
   0         1         0         0.45      0         0.19      0.45      0         0         0         0         0         0         0         0         0         0         0       
  -1         0         0         0         0.45      0.14      0         0.45      0.23      0         0         0         0         0         0         0         0         0       
   0         0         0         0         0         1         0         0         0         0         0         0         0         0         0         0         0         0       
   0         0         0         0         1         0         0         1         1         0         0         0         0         0         0         0         0         0       
   0         0         0        -1         0         0        -1         0         0         0         0         0         0         0         0         0         0         0       
   0         0         1        -0.14     -0.19      0         0         0         0        -0.096     0.002     0.002     0         0         0         0         0         0       
   0         1         0         0.45      0         0.19      0         0         0         0.45      0         0         0         0         0         0         0         0       
  -1         0         0         0         0.45     -0.14      0         0         0         0         0.45      0.23      0         0         0         0         0         0       
   0         0         0         0         0         1         0         0         0         0         0         0         0         0         0         0         0         0       
   0         0         0         0         1         0         0         0         0         0         1         1         0         0         0         0         0         0       
   0         0         0        -1         0         0         0         0         0        -1         0         0         0         0         0         0         0         0       
   0         0         1         0.14      0.2       0         0         0         0         0         0         0         0.096     0.002     0.002     0         0         0       
   0         1         0         0.45      0        -0.2       0         0         0         0         0         0         0.45      0         0         0         0         0       
  -1         0         0         0         0.45      0.14      0         0         0         0         0         0         0         0.45      0.23      0         0         0       
   0         0         0         0         0         1         0         0         0         0         0         0         0         0         0         0         0         0       
   0         0         0         0         1         0         0         0         0         0         0         0         0         1         1         0         0         0       
   0         0         0        -1         0         0         0         0         0         0         0         0        -1         0         0         0         0         0       
   0         0         1        -0.14      0.2       0         0         0         0         0         0         0         0         0         0        -0.096     0.002     0.002   
   0         1         0         0.45      0        -0.2       0         0         0         0         0         0         0         0         0         0.45      0         0       
  -1         0         0         0         0.45     -0.14      0         0         0         0         0         0         0         0         0         0         0.45      0.23    
   0         0         0         0         0         1         0         0         0         0         0         0         0         0         0         0         0         0       
   0         0         0         0         1         0         0         0         0         0         0         0         0         0         0         0         1         1       
   0         0         0        -1         0         0         0         0         0         0         0         0         0         0         0        -1         0         0       

EFC_POS
   0       
   0       
   0       
   0       
   0       
   0       
   0       
   0       
   0       
   0       
   0       
   0       
  -0.84    
  -0.84    
  -0.84    
  -0.84    
  -0.003   
   0       
   0       
   0       
   0       
   0       
  -0.003   
   0       
   0       
   0       
   0       
   0       
  -0.003   
   0       
   0       
   0       
   0       
   0       
  -0.003   
   0       
   0       
   0       
   0       
   0       

EFC_MARGIN
   0       
   0       
   0       
   0       
   0       
   0       
   0       
   0       
   0       
   0       
   0       
   0       
   0       
   0       
   0       
   0       
   0.001   
   0       
   0       
   0       
   0       
   0       
   0.001   
   0       
   0       
   0       
   0       
   0       
   0.001   
   0       
   0       
   0       
   0       
   0       
   0.001   
   0       
   0       
   0       
   0       
   0       

EFC_FRICTIONLOSS
   0.2     
   0.2     
   0.2     
   0.2     
   0.2     
   0.2     
   0.2     
   0.2     
   0.2     
   0.2     
   0.2     
   0.2     
   0       
   0       
   0       
   0       
   0       
   0       
   0       
   0       
   0       
   0       
   0       
   0       
   0       
   0       
   0       
   0       
   0       
   0       
   0       
   0       
   0       
   0       
   0       
   0       
   0       
   0       
   0       
   0       

EFC_DIAGAPPROX
   29      
   29      
   80      
   29      
   29      
   80      
   29      
   29      
   80      
   29      
   29      
   80      
   80      
   80      
   80      
   80      
   1.8     
   0.018   
   0.018   
   7.1     
   28      
   28      
   1.8     
   0.018   
   0.018   
   7.1     
   28      
   28      
   1.8     
   0.018   
   0.018   
   7.1     
   28      
   28      
   1.8     
   0.018   
   0.018   
   7.1     
   28      
   28      

EFC_KBIP
   0         1.1e+02   0.9       0       
   0         1.1e+02   0.9       0       
   0         1.1e+02   0.9       0       
   0         1.1e+02   0.9       0       
   0         1.1e+02   0.9       0       
   0         1.1e+02   0.9       0       
   0         1.1e+02   0.9       0       
   0         1.1e+02   0.9       0       
   0         1.1e+02   0.9       0       
   0         1.1e+02   0.9       0       
   0         1.1e+02   0.9       0       
   0         1.1e+02   0.9       0       
   2.8e+03   1.1e+02   0.95      0       
   2.8e+03   1.1e+02   0.95      0       
   2.8e+03   1.1e+02   0.95      0       
   2.8e+03   1.1e+02   0.95      0       
   2.8e+03   1.1e+02   0.95      0       
   0         1.1e+02   0.95      0       
   0         1.1e+02   0.95      0       
   0         1.1e+02   0.95      0       
   0         1.1e+02   0.95      0       
   0         1.1e+02   0.95      0       
   2.8e+03   1.1e+02   0.95      0       
   0         1.1e+02   0.95      0       
   0         1.1e+02   0.95      0       
   0         1.1e+02   0.95      0       
   0         1.1e+02   0.95      0       
   0         1.1e+02   0.95      0       
   2.8e+03   1.1e+02   0.95      0       
   0         1.1e+02   0.95      0       
   0         1.1e+02   0.95      0       
   0         1.1e+02   0.95      0       
   0         1.1e+02   0.95      0       
   0         1.1e+02   0.95      0       
   2.8e+03   1.1e+02   0.95      0       
   0         1.1e+02   0.95      0       
   0         1.1e+02   0.95      0       
   0         1.1e+02   0.95      0       
   0         1.1e+02   0.95      0       
   0         1.1e+02   0.95      0       

EFC_D
   0.31    
   0.32    
   0.11    
   0.31    
   0.32    
   0.11    
   0.31    
   0.31    
   0.11    
   0.31    
   0.31    
   0.11    
   0.24    
   0.24    
   0.24    
   0.24    
   11      
   1.1e+03 
   1.1e+03 
   2.7     
   0.67    
   0.67    
   11      
   1.1e+03 
   1.1e+03 
   2.7     
   0.67    
   0.67    
   11      
   1.1e+03 
   1.1e+03 
   2.7     
   0.67    
   0.67    
   11      
   1.1e+03 
   1.1e+03 
   2.7     
   0.67    
   0.67    

EFC_R
   3.2     
   3.2     
   8.9     
   3.2     
   3.2     
   8.9     
   3.2     
   3.2     
   8.9     
   3.2     
   3.2     
   8.9     
   4.2     
   4.2     
   4.2     
   4.2     
   0.093   
   0.00093 
   0.00093 
   0.37    
   1.5     
   1.5     
   0.093   
   0.00093 
   0.00093 
   0.37    
   1.5     
   1.5     
   0.093   
   0.00093 
   0.00093 
   0.37    
   1.5     
   1.5     
   0.093   
   0.00093 
   0.00093 
   0.37    
   1.5     
   1.5     

ACTUATOR_VELOCITY
   0       
   0       
   0       
   0       
   0       
   0       
   0       
   0       
   0       
   0       
   0       
   0       

CVEL
   0         0         0         0         0         0       
   0         0         0         0         0         0       
   0         0         0         0         0         0       
   0         0         0         0         0         0       
   0         0         0         0         0         0       
   0         0         0         0         0         0       
   0         0         0         0         0         0       
   0         0         0         0         0         0       
   0         0         0         0         0         0       
   0         0         0         0         0         0       
   0         0         0         0         0         0       
   0         0         0         0         0         0       
   0         0         0         0         0         0       
   0         0         0         0         0         0       
   0         0         0         0         0         0       
   0         0         0         0         0         0       
   0         0         0         0         0         0       
   0         0         0         0         0         0       

CDOF_DOT
   0         0         0         0         0         0       
   0         0         0         0         0         0       
   0         0         0         0         0         0       
   0         0         0         0         0         0       
   0         0         0         0         0         0       
   0         0         0         0         0         0       
   0         0         0         0         0         0       
   0         0         0         0         0         0       
   0         0         0         0         0         0       
   0         0         0         0         0         0       
   0         0         0         0         0         0       
   0         0         0         0         0         0       
   0         0         0         0         0         0       
   0         0         0         0         0         0       
   0         0         0         0         0         0       
   0         0         0         0         0         0       
   0         0         0         0         0         0       
   0         0         0         0         0         0       

QFRC_BIAS
   0       
   0       
   1.5e+02 
   0       
  -1.3     
   0       
   1.1     
   0.027   
  -0.015   
  -1.1     
   0.027   
  -0.015   
   1.1     
   0.027   
  -0.015   
  -1.1     
   0.027   
  -0.015   

QFRC_SPRING
   0       
   0       
   0       
   0       
   0       
   0       
   0       
   0       
   0       
   0       
   0       
   0       
   0       
   0       
   0       
   0       
   0       
   0       

QFRC_DAMPER
   0       
   0       
   0       
   0       
   0       
   0       
  -0       
  -0       
  -0       
  -0       
  -0       
  -0       
  -0       
  -0       
  -0       
  -0       
  -0       
  -0       

QFRC_GRAVCOMP
   0       
   0       
   0       
   0       
   0       
   0       
   0       
   0       
   0       
   0       
   0       
   0       
   0       
   0       
   0       
   0       
   0       
   0       

QFRC_FLUID
   0       
   0       
   0       
   0       
   0       
   0       
   0       
   0       
   0       
   0       
   0       
   0       
   0       
   0       
   0       
   0       
   0       
   0       

QFRC_PASSIVE
   0       
   0       
   0       
   0       
   0       
   0       
   0       
   0       
   0       
   0       
   0       
   0       
   0       
   0       
   0       
   0       
   0       
   0       

EFC_VEL
   0       
   0       
   0       
   0       
   0       
   0       
   0       
   0       
   0       
   0       
   0       
   0       
   0       
   0       
   0       
   0       
   0       
   0       
   0       
   0       
   0       
   0       
   0       
   0       
   0       
   0       
   0       
   0       
   0       
   0       
   0       
   0       
   0       
   0       
   0       
   0       
   0       
   0       
   0       
   0       

EFC_AREF
  -0       
  -0       
  -0       
  -0       
  -0       
  -0       
  -0       
  -0       
  -0       
  -0       
  -0       
  -0       
   2.2e+03 
   2.2e+03 
   2.2e+03 
   2.2e+03 
   11      
  -0       
  -0       
  -0       
  -0       
  -0       
   11      
  -0       
  -0       
  -0       
  -0       
  -0       
   11      
  -0       
  -0       
  -0       
  -0       
  -0       
   11      
  -0       
  -0       
  -0       
  -0       
  -0       

SUBTREE_LINVEL
   0         0         0       
   0         0         0       
   0         0         0       
   0         0         0       
   0         0         0       
   0         0         0       
   0         0         0       
   0         0         0       
   0         0         0       
   0         0         0       
   0         0         0       
   0         0         0       
   0         0         0       
   0         0         0       
   0         0         0       
   0         0         0       
   0         0         0       
   0         0         0       

SUBTREE_ANGMOM
   0         0         0       
   0         0         0       
   0         0         0       
   0         0         0       
   0         0         0       
   0         0         0       
   0         0         0       
   0         0         0       
   0         0         0       
   0         0         0       
   0         0         0       
   0         0         0       
   0         0         0       
   0         0         0       
   0         0         0       
   0         0         0       
   0         0         0       
   0         0         0       

ACTUATOR_FORCE
   0       
   0       
   0       
   0       
   0       
   0       
   0       
   0       
   0       
   0       
   0       
   0       

QFRC_ACTUATOR
   0       
   0       
   0       
   0       
   0       
   0       
   0       
   0       
   0       
   0       
   0       
   0       
   0       
   0       
   0       
   0       
   0       
   0       

QFRC_SMOOTH
   0       
   0       
  -1.5e+02 
   0       
   1.3     
   0       
  -1.1     
  -0.027   
   0.015   
   1.1     
  -0.027   
   0.015   
  -1.1     
  -0.027   
   0.015   
   1.1     
  -0.027   
   0.015   

QACC_SMOOTH
   7.6e-17 
   1.5e-17 
  -9.8     
  -2.8e-15 
  -4.9e-15 
   7.9e-18 
   1.8e-14 
   2e-14   
  -8.4e-15 
  -1.1e-14 
   2e-14   
  -8.6e-15 
   1.8e-14 
  -5.1e-15 
   8.8e-15 
  -1.1e-14 
  -4.9e-15 
   8.6e-15 

EFC_B
   1.8e-14 
   2e-14   
  -8.4e-15 
  -1.1e-14 
   2e-14   
  -8.6e-15 
   1.8e-14 
  -5.1e-15 
   8.8e-15 
  -1.1e-14 
  -4.9e-15 
   8.6e-15 
  -2.2e+03 
  -2.2e+03 
  -2.2e+03 
  -2.2e+03 
  -20      
   6.7e-15 
   4.6e-15 
   7.9e-18 
   6.5e-15 
  -1.5e-14 
  -20      
  -6e-15   
   4.7e-15 
   7.9e-18 
   6.5e-15 
   1.3e-14 
  -20      
   6.7e-15 
  -2.5e-15 
   7.9e-18 
  -1.2e-15 
  -1.5e-14 
  -20      
  -6e-15   
  -2.4e-15 
   7.9e-18 
  -1.2e-15 
   1.3e-14 

EFC_FORCE
  -0.2     
  -0.2     
   0.2     
   0.2     
  -0.2     
   0.2     
  -0.2     
  -0.2     
   0.2     
   0.2     
  -0.2     
   0.2     
   32      
   32      
   31      
   31      
   1.6e+02 
  -22      
   44      
  -6.8e-06 
   0.95    
   0.031   
   1.6e+02 
   22      
   44      
  -6.8e-06 
   0.95    
  -0.031   
   1e+02   
  -6.1     
   36      
  -2.4e-06 
   0.37    
   0.0085  
   1e+02   
   6.1     
   36      
  -2.4e-06 
   0.37    
  -0.0085  

EFC_STATE
  3
  3
  2
  2
  3
  2
  3
  3
  2
  2
  3
  2
  1
  1
  1
  1
  4
  4
  4
  4
  4
  4
  4
  4
  4
  4
  4
  4
  4
  4
  4
  4
  4
  4
  4
  4
  4
  4
  4
  4

QFRC_CONSTRAINT
  -1.6e+02 
  -0.0056  
   5.1e+02 
   0.0024  
   54      
  -0.00016 
   4.9     
   21      
  -20      
  -4.9     
   21      
  -20      
   6.6     
   17      
  -21      
  -6.6     
   17      
  -21      

QFRC_INVERSE
   0       
   0       
   0       
   0       
   0       
   0       
   0       
   0       
   0       
   0       
   0       
   0       
   0       
   0       
   0       
   0       
   0       
   0       

CACC
   0         0         0        -0        -0         9.8     
  -0.056     51        0.0019    0.72     -0.0022    31      
   34        51        0.0019    0.72      1.2       30      
   34        1e+03     0.0019   -33        1.2       2.1e+02 
   34       -1.1e+03   0.0019   -4e+02     1.2      -1.7e+02 
   34       -1.1e+03   0.0019   -4e+02     1.2      -1.7e+02 
  -34        51        0.0019    0.72     -1.2       30      
  -34        1e+03     0.0019   -33       -1.2       2.1e+02 
  -34       -1.1e+03   0.0019   -4e+02    -1.2      -1.7e+02 
  -34       -1.1e+03   0.0019   -4e+02    -1.2      -1.7e+02 
   26        51        0.0019    0.72      0.92      30      
   26        9.3e+02   0.0019   -30        0.92     -1.5e+02 
   26       -1.1e+03   0.0019   -4e+02     0.92      2.7e+02 
   26       -1.1e+03   0.0019   -4e+02     0.92      2.7e+02 
  -26        51        0.0019    0.72     -0.92      30      
  -26        9.3e+02   0.0019   -30       -0.92     -1.5e+02 
  -26       -1.1e+03   0.0019   -4e+02    -0.92      2.7e+02 
  -26       -1.1e+03   0.0019   -4e+02    -0.92      2.7e+02 

CFRC_INT
  -8.3e-12   6.7e-10  -5.9e-13  -2e-08    -9.8e-12   3.6e-08 
  -8.3e-12   6.7e-10  -5.9e-13  -2e-08    -9.8e-12   3.6e-08 
  -6.2       8.8       5.7      -5.3       26       -1e+02   
  -6.9       11        5.8      -7         26       -1.2e+02 
  -11        11        0.5       29        25       -1.5e+02 
   0         0         0         0         0         0       
   6.2       8.7      -5.7      -5.3      -26       -1e+02   
   6.9       11       -5.8      -7        -26       -1.2e+02 
   11        11       -0.49      29       -25       -1.5e+02 
   0         0         0         0         0         0       
  -1        -10       -1.4      -2.4       9.3      -4.9     
  -2.4      -16       -1.3      -4.1       9.3      -33      
  -9.1      -32       -5.7       28        8.3      -87      
   0         0         0         0         0         0       
   1        -10        1.4      -2.4      -9.3      -4.8     
   2.4      -16        1.3      -4.1      -9.3      -33      
   9.1      -32        5.7       28       -8.3      -87      
   0         0         0         0         0         0       

CFRC_EXT
   0         0         0         0         0         0       
   0         0         0         0         0         0       
   0         0         0         0         0         0       
   0         0         0         0         0         0       
   13       -9.3       2.3      -44       -22        1.6e+02 
   0         0         0         0         0         0       
   0         0         0         0         0         0       
   0         0         0         0         0         0       
  -13       -9.3      -2.3      -44        22        1.6e+02 
   0         0         0         0         0         0       
   0         0         0         0         0         0       
   0         0         0         0         0         0       
   12        36        6.4      -36       -6.1       1e+02   
   0         0         0         0         0         0       
   0         0         0         0         0         0       
   0         0         0         0         0         0       
  -12        36       -6.4      -36        6.1       1e+02   
   0         0         0         0         0         0       

